### NER Evaluation ###

# Gold #
Sentences: 2416 Entities: 3867

# Input #
Sentences: 2416 Entities: 1512

TP: 1382.0   FP: 130.0
FN: 2485.0

P: 0.91402113
R: 0.35738298
F1: 0.51385015
