### NER Evaluation ###

# Gold #
Sentences: 2416 Entities: 3867

# Input #
Sentences: 2416 Entities: 485

TP: 450.0   FP: 25.0
FN: 3417.0

P: 0.94736844
R: 0.11636928
F1: 0.20727775
